  ***************************************************
   NUMBER OF ATOMS=           4
   NUMBER OF MONTE CARLO CYCLES=       10000
   NUMBER OF ACCEPTED FAILURES=       50000
   NUMBER OF STARTING COORDINATES=          20
   IWRIT=           0
   IENER=           0
  TEMPERATURE=    0.2000
  DRMAX=    0.5000
  RSMIN=    0.2000
  RSMAX=    0.2000
  RMIN =    1.7000
  RMAX =   20.0000
 INITIAL CARTESIAN COORDINATES
    0.000000    0.000000    0.000000    2.449085    0.000000    0.000000
    4.937287    0.000000    0.000000    7.386373    0.000000    0.000000
   2.44908506586893        4.93728746265104        7.38637252851997     
  INITIAL ENERGY =             -0.7047
                                                     
  ***************************************************
  NUMBER OF VALID PERMUTATIONS          24
  ***************************************************
  LINEAR CONFIGURATION
  STRUCTURE NUMBER=           1  DRMAX=  0.500000000000000     
  *************************************************
 Dinfh symmetry  (continuous group!)
  **************************************************
  ENER=     -0.708647   NEG=    0   POS=    7
  INTERNUCLEAR DISTANCES:
     2.52360     4.95811     7.48172     2.43451     4.95811     2.52360
  HESSIAN EIGENVALUES:
    -0.00000    -0.00000     0.00000     0.14934     0.00492     0.00492     0.05038     0.00055     0.00055     0.04872     0.00000    -0.00000
  FREQUENCIES 
        0.00        0.00        0.00     1986.54      360.39      360.39     1153.84      120.24      120.24     1134.64        0.00        0.00
  HESSIAN EIGENVECTORS:
     0.50000     0.00000    -0.00000    -0.23153    -0.00000     0.00000    -0.49996     0.00000    -0.00000    -0.66815    -0.00000     0.00000
    -0.00000     0.72139     0.00215     0.00000    -0.21884     0.00000    -0.00000    -0.49998     0.00002    -0.00000    -0.42628    -0.00007
     0.00000    -0.00012     0.56090    -0.00000    -0.00000    -0.21884     0.00000    -0.00002    -0.49998     0.00000     0.00273    -0.62250
     0.50000     0.00000    -0.00000     0.66813    -0.00000     0.00000     0.50001     0.00000    -0.00000    -0.23150    -0.00000     0.00000
    -0.00000     0.54572     0.00009     0.00000     0.67244    -0.00000    -0.00000     0.49995    -0.00002    -0.00000    -0.00808    -0.00006
     0.00000    -0.00007     0.51832    -0.00000     0.00000     0.67244     0.00000     0.00002     0.49995     0.00000     0.00253    -0.17090
     0.50000     0.00000    -0.00000    -0.66813    -0.00000     0.00000     0.49999     0.00000    -0.00000     0.23156    -0.00000     0.00000
    -0.00000     0.37624    -0.00190    -0.00000    -0.67237     0.00000     0.00000     0.50005    -0.00002     0.00000     0.39536    -0.00005
     0.00000    -0.00001     0.47725     0.00000    -0.00000    -0.67237    -0.00000     0.00002     0.50005    -0.00000     0.00234     0.26476
     0.50000     0.00000    -0.00000     0.23153    -0.00000     0.00000    -0.50004     0.00000    -0.00000     0.66810    -0.00000     0.00000
     0.00000     0.20057    -0.00396    -0.00000     0.21876    -0.00000     0.00000    -0.50002     0.00002     0.00000     0.81356    -0.00004
    -0.00000     0.00004     0.43467     0.00000     0.00000     0.21876    -0.00000    -0.00002    -0.50002    -0.00000     0.00214     0.71637
  CARTESIAN COORDINATES:
     0.02450    -0.00000     0.00000     2.54810    -0.00000     0.00000     4.98261     0.00000    -0.00000     7.50621    -0.00000     0.00000
  INTERNAL COORDINATES:
     2.52360     2.43451     3.14159     2.52360     3.14159     0.00000
  FIRST DERIVATIVE INTERNAL COORDINATES:
    -0.00000    -0.00000     0.00000    -0.00000     0.00000     0.00000
  **************************************************
  PLANAR CONFIGURATION
  STRUCTURE NUMBER=           2  DRMAX=  0.500000000000000     
  *************************************************
 D2h  symmetry (finite group)    h=           8
  Symmetry number (point-group based)=           6
  **************************************************
  ENER=     -0.190945   NEG=    4   POS=    2
  INTERNUCLEAR DISTANCES:
     5.22113     5.22113    10.11800     2.58199     5.22113     5.22113
  HESSIAN EIGENVALUES:
     0.00000     0.00000     0.00032    -0.01943     0.02108    -0.00000    -0.02661     0.00000     0.00000    -0.00543    -0.00289    -0.00000
  FREQUENCIES 
        0.00        0.00       91.37      716.50      746.34        0.00      838.62        0.00        0.00      378.72      276.17        0.00
  HESSIAN EIGENVECTORS:
     0.45418     0.01455    -0.02360    -0.49148     0.11611     0.09684    -0.03107     0.13163     0.17475    -0.68528     0.08886    -0.04699
    -0.22364     0.46918     0.28831     0.05924    -0.01400     0.28487    -0.14134     0.49405     0.25220     0.08260     0.40419    -0.25303
     0.03102     0.31824     0.40783    -0.07031     0.01661     0.42200     0.09812    -0.33929    -0.52753    -0.09804    -0.28060    -0.23822
     0.46312    -0.13919     0.02359     0.49148     0.12389     0.21131    -0.67347     0.03373    -0.02780     0.02099    -0.08886    -0.01517
    -0.08312     0.24180    -0.28831    -0.05923     0.56358     0.21423     0.08117     0.38413    -0.09393     0.09549    -0.40419     0.38603
     0.16227     0.56593    -0.40783     0.07031    -0.39125    -0.03697    -0.09634    -0.14167    -0.25449    -0.06629     0.28060     0.38787
     0.45493     0.06711     0.02359     0.49147    -0.12390     0.07708     0.67347     0.16683     0.17643    -0.02099    -0.08886    -0.06547
    -0.23506    -0.15382    -0.28831    -0.05924    -0.56358     0.51421    -0.08117     0.07584     0.25739    -0.09549    -0.40419    -0.03661
    -0.05920     0.06138    -0.40783     0.07031     0.39125     0.35264     0.09634    -0.54360     0.31625     0.06630     0.28060    -0.23686
     0.46387    -0.08663    -0.02359    -0.49147    -0.11611     0.19155     0.03107     0.06893    -0.02611     0.68529     0.08885    -0.03365
    -0.09454    -0.38120     0.28831     0.05924     0.01399     0.44358     0.14134    -0.03408    -0.08875    -0.08259     0.40419     0.60246
     0.07204     0.30906     0.40783    -0.07031    -0.01661    -0.10633    -0.09812    -0.34598     0.58929     0.09803    -0.28060     0.38924
  CARTESIAN COORDINATES:
    -1.35228     0.15438    -0.87594     3.39104    -1.48858     0.55994     3.84989     0.59865    -0.88906     8.59321    -1.04431     0.54682
  INTERNAL COORDINATES:
     5.22113     2.58199     1.32094     5.22113     2.64188     0.00000
  FIRST DERIVATIVE INTERNAL COORDINATES:
     0.00000    -0.00000     0.00000    -0.00000    -0.00000     0.00000
  **************************************************
  PLANAR CONFIGURATION
  STRUCTURE NUMBER=           3  DRMAX=  0.200000000000000     
  *************************************************
 C2v  symmetry (finite group)    h=           4
  Symmetry number (point-group based)=          12
  **************************************************
  ENER=     -0.223164   NEG=    3   POS=    3
  INTERNUCLEAR DISTANCES:
     7.48131     7.48132    12.73223     2.45303     5.49088     5.49088
  HESSIAN EIGENVALUES:
     0.00073     0.00000    -0.00000    -0.01183     0.06885     0.00001     0.00000    -0.00008    -0.00000    -0.00831    -0.00000     0.00000
  FREQUENCIES 
      138.44        0.00        0.00      559.09     1348.82       16.56        0.00       46.78        0.00      468.60        0.00        0.00
  HESSIAN EIGENVECTORS:
     0.83773     0.27502     0.10237     0.00116    -0.02556    -0.03189     0.42922    -0.10368     0.05740    -0.00446    -0.06529    -0.08873
    -0.21449     0.52898     0.41623     0.00484     0.00659    -0.20724    -0.04360    -0.36715    -0.23636     0.00120     0.49749    -0.13360
     0.03825    -0.37035     0.72349    -0.00309    -0.00108    -0.36136     0.08469     0.22187     0.00267     0.00003    -0.07048     0.38207
    -0.27544    -0.01774     0.02271     0.67201     0.20050     0.05120     0.49576    -0.09615    -0.01403    -0.38142    -0.15639    -0.06097
     0.08810    -0.01273     0.02700    -0.04747     0.56377     0.24493     0.07768     0.45021    -0.59164     0.14180     0.15886    -0.08465
    -0.02643     0.11681     0.14141    -0.04970    -0.37476     0.42924    -0.03150    -0.24647    -0.53776    -0.04367    -0.42141     0.32875
    -0.28607     0.22239     0.01462    -0.60529    -0.12767     0.03490     0.45278     0.32090     0.09820    -0.40360    -0.03929    -0.05032
     0.05281    -0.11355    -0.05907     0.28218    -0.58255     0.24880     0.16442     0.34261    -0.02877     0.06049     0.58314     0.10482
    -0.00320     0.06796     0.00678    -0.10448     0.37785     0.42875     0.08188    -0.22856     0.36850     0.00958     0.27589     0.62199
    -0.27621    -0.02291    -0.04204    -0.06788    -0.04727    -0.05421     0.50695    -0.12106     0.03098     0.78948    -0.12145    -0.03165
     0.07359    -0.49255    -0.32952    -0.23954     0.01219    -0.28648     0.24046    -0.42567    -0.36373    -0.20350     0.27928     0.11429
    -0.00862     0.42797    -0.39686     0.15728    -0.00200    -0.49663    -0.01796     0.25316    -0.14796     0.03405    -0.07442     0.54303
  CARTESIAN COORDINATES:
    -2.83353     1.27171     0.12491     4.02073    -1.56827     1.08600     4.59167     0.42599    -0.22332     9.48402    -1.90764     0.65351
  INTERNAL COORDINATES:
     7.48131     2.45303     1.40611     5.49088     2.75163     0.00000
  FIRST DERIVATIVE INTERNAL COORDINATES:
    -0.00000    -0.00000    -0.00000     0.00000    -0.00000     0.00000
  **************************************************
  SPATIAL CONFIGURATION
  STRUCTURE NUMBER=           4  DRMAX=  0.200000000000000     
  *************************************************
 Cs   symmetry (finite group)    h=           2
  Symmetry number (point-group based)=          24
  **************************************************
  ENER=     -0.409457   NEG=    4   POS=    2
  INTERNUCLEAR DISTANCES:
     4.51841     4.58758     4.58758     3.48362     3.48362     2.87520
  HESSIAN EIGENVALUES:
    -0.00000     0.01839     0.00000    -0.04350     0.00000     0.00000    -0.00000    -0.01189     0.03087    -0.03473    -0.01870    -0.00000
  FREQUENCIES 
        0.00      697.07        0.00     1072.15        0.00        0.00        0.00      560.55      903.12      957.94      702.89        0.00
  HESSIAN EIGENVECTORS:
     0.12512    -0.16471    -0.46557    -0.13505     0.25032    -0.04767     0.00568     0.25667     0.00804    -0.09109    -0.36731     0.66940
     0.16330     0.50603    -0.18393     0.51347    -0.32744    -0.42919    -0.14884    -0.08296    -0.19544     0.02954    -0.23461     0.07224
     0.06653     0.28223     0.31697     0.25884     0.28150     0.37491    -0.53993     0.29861    -0.06122    -0.10577     0.25057     0.26503
    -0.19055    -0.35101    -0.34110     0.41671     0.42910    -0.26671    -0.11821    -0.20814    -0.13146    -0.26723     0.36016    -0.13972
     0.01657    -0.50541     0.56132     0.11318     0.04659    -0.36010    -0.27493     0.06726    -0.10245     0.08639    -0.43181    -0.00470
    -0.08374     0.16134    -0.22315    -0.32666     0.11293     0.12163    -0.53917    -0.24215     0.08453    -0.31107    -0.42957    -0.38095
    -0.57187     0.24292     0.25512     0.01527     0.09043    -0.20496     0.08264    -0.31432     0.48262    -0.13860    -0.03783     0.37317
     0.00486     0.00453     0.04445    -0.36368    -0.32797    -0.45136    -0.14229     0.39797     0.01287    -0.50512     0.34663     0.01819
    -0.29380    -0.23922    -0.30548     0.21534    -0.35316     0.08415    -0.33145     0.32956     0.47796     0.35737     0.04126    -0.09293
    -0.41897     0.27280    -0.06685    -0.29693     0.32935    -0.29040    -0.06307     0.26580    -0.35921     0.49691     0.04499    -0.10957
     0.48546    -0.00515    -0.02431    -0.26297     0.11149    -0.27934    -0.31666    -0.38228     0.28502     0.38919     0.31979     0.15072
    -0.29167    -0.20436    -0.04779    -0.14752    -0.43642     0.20540    -0.25464    -0.38602    -0.50127     0.05947     0.13775     0.35893
  CARTESIAN COORDINATES:
     4.44367    -3.07031    -1.01192     1.94363    -0.59678     1.82488     3.28797     1.36000    -0.72450     5.12207     0.76707     1.40887
  INTERNAL COORDINATES:
     4.51841     3.48362     1.19665     2.87520     1.14541     4.89123
  FIRST DERIVATIVE INTERNAL COORDINATES:
     0.00000     0.00000     0.00000     0.00000     0.00000    -0.00000
  **************************************************
  PLANAR CONFIGURATION
  STRUCTURE NUMBER=           5  DRMAX=  0.200000000000000     
  *************************************************
 Cs   symmetry (finite group)    h=           2
  Symmetry number (point-group based)=          24
  **************************************************
  ENER=     -0.201357   NEG=    5   POS=    1
  INTERNUCLEAR DISTANCES:
     7.87672     2.43713     5.46231     5.77771     6.14150     5.44427
  HESSIAN EIGENVALUES:
    -0.01272     0.05790     0.00000     0.00000    -0.00424    -0.00000    -0.00000     0.00000    -0.00019    -0.01146    -0.00101    -0.00000
  FREQUENCIES 
      579.67     1236.88        0.00        0.00      334.73        0.00        0.00        0.00       71.77      550.22      163.56        0.00
  HESSIAN EIGENVECTORS:
     0.53032     0.17410    -0.08738     0.22600    -0.02586     0.02007     0.58419     0.29110     0.26479    -0.35002    -0.08357     0.05506
    -0.30912     0.67377     0.01407    -0.08444    -0.25611     0.00326    -0.11010     0.52643    -0.06334     0.09933    -0.27278     0.00127
     0.28945     0.00605     0.69925    -0.12883     0.01705     0.23886    -0.02676     0.08647    -0.55281    -0.17903    -0.00903     0.08582
    -0.00004    -0.00226     0.11147     0.51391     0.10727     0.40572    -0.19242    -0.15656     0.11932     0.00530    -0.50715    -0.46297
     0.01609     0.02959    -0.16740    -0.10747     0.84879     0.11898    -0.16553     0.41139    -0.02856    -0.04547     0.13442    -0.08426
    -0.00186    -0.00448    -0.44740    -0.47873    -0.04603     0.57128     0.27462    -0.19402    -0.24854     0.00775    -0.25844     0.02147
    -0.60554    -0.19219    -0.06161     0.38293    -0.05222     0.14952     0.32858     0.15929    -0.30747    -0.35516     0.25732    -0.02547
     0.00623    -0.69064     0.01127    -0.12322    -0.19843    -0.03303    -0.04273     0.56365     0.07380     0.13730    -0.35030     0.02588
    -0.29071    -0.01278     0.42125    -0.37950    -0.00228     0.31727     0.10231    -0.01077     0.64170    -0.18583     0.16380    -0.09729
     0.07525     0.02035     0.11866     0.04365    -0.02919     0.10033     0.40217     0.12378    -0.07664     0.69988     0.33341    -0.42789
     0.28681    -0.01272    -0.25727     0.03553    -0.39426     0.32928    -0.46716     0.19773     0.01809    -0.19116     0.48867    -0.23079
     0.00312     0.01121     0.03107     0.33370     0.03126     0.44137    -0.07618     0.04054     0.15965     0.35710     0.10367     0.72150
  CARTESIAN COORDINATES:
     2.67084     3.05195    -0.52433     3.76326    -4.62130     0.87944     2.03300     0.70003    -0.55986     6.93509     0.55579     1.80422
  INTERNAL COORDINATES:
     7.87672     2.43713     0.44824     5.44427     1.35266     0.00000
  FIRST DERIVATIVE INTERNAL COORDINATES:
     0.00000     0.00000    -0.00000    -0.00000     0.00000     0.00000
  **************************************************
  PLANAR CONFIGURATION
  STRUCTURE NUMBER=           6  DRMAX=  0.200000000000000     
  *************************************************
 C2v  symmetry (finite group)    h=           4
  Symmetry number (point-group based)=          12
  **************************************************
  ENER=     -0.220260   NEG=    3   POS=    3
  INTERNUCLEAR DISTANCES:
     5.68686     5.69665     6.79984     6.79984     5.69665     2.42418
  HESSIAN EIGENVALUES:
    -0.00605    -0.00000    -0.00477    -0.00000     0.00000    -0.00597     0.00000     0.00000     0.06332     0.00433     0.00113    -0.00000
  FREQUENCIES 
      399.79        0.00      354.93        0.00        0.00      397.04        0.00        0.00     1293.54      338.32      173.00        0.00
  HESSIAN EIGENVECTORS:
     0.51188     0.25842    -0.10022    -0.14796    -0.05485     0.48778     0.13861     0.10507    -0.01176    -0.35781     0.09494     0.48052
    -0.30448     0.72064    -0.22761     0.17654    -0.03389    -0.11430     0.20388     0.41130     0.01361     0.15782     0.23348    -0.02117
     0.19453     0.03802     0.54212     0.51776     0.08781    -0.16988     0.54714    -0.20778    -0.01783    -0.02475     0.11558     0.07318
     0.02181    -0.00235    -0.52215    -0.20907    -0.23931    -0.33663     0.45187    -0.49594     0.01146     0.11363    -0.09498     0.20091
     0.27138     0.62065     0.26663    -0.19209    -0.03206    -0.06150    -0.31918    -0.44645    -0.01359     0.12822    -0.23349    -0.23667
    -0.56616     0.13103    -0.10957     0.27775     0.20864     0.40082    -0.05238    -0.46914     0.01804    -0.35241    -0.11553     0.09080
    -0.25722     0.08602     0.31865    -0.35504     0.19104    -0.43715    -0.02014     0.14882     0.32414    -0.30838    -0.22272     0.44601
     0.00606     0.03400    -0.02825    -0.22650     0.34948     0.11053     0.44167     0.21782    -0.37950    -0.11607    -0.54769    -0.33523
     0.19900    -0.01636    -0.20472     0.20300     0.51786     0.13587    -0.01752     0.02351     0.50027     0.48775    -0.27119     0.16674
    -0.27647    -0.02514     0.30372    -0.38109     0.11241     0.28601     0.11339    -0.10737    -0.32384     0.55256     0.22276     0.32682
     0.02705    -0.00862    -0.01077    -0.38364     0.35026     0.06527     0.21871    -0.14782     0.37948    -0.16996     0.54770    -0.42709
     0.17263     0.02329    -0.22783     0.10069     0.56937    -0.36681    -0.27308    -0.08791    -0.50048    -0.11058     0.27113     0.17425
  CARTESIAN COORDINATES:
     0.19061     1.35439    -0.07073     2.79800    -1.69957     3.95610     5.41449     0.19776    -2.02654     6.52596    -1.10407    -0.31000
  INTERNAL COORDINATES:
     5.68686     5.69665     1.28036     2.42418     1.86123     0.00000
  FIRST DERIVATIVE INTERNAL COORDINATES:
     0.00000    -0.00000    -0.00000    -0.00000    -0.00000     0.00000
  **************************************************
  PLANAR CONFIGURATION
  STRUCTURE NUMBER=           7  DRMAX=  0.200000000000000     
  *************************************************
 Cs   symmetry (finite group)    h=           2
  Symmetry number (point-group based)=          24
  **************************************************
  ENER=     -0.632377   NEG=    2   POS=    4
  INTERNUCLEAR DISTANCES:
     5.10716     2.31885     3.43716     5.67055     2.47411     3.29226
  HESSIAN EIGENVALUES:
     0.00000    -0.00131     0.35622     0.18551     0.00000     0.00520    -0.01962    -0.00000    -0.00000     0.02531     0.00000    -0.00000
  FREQUENCIES 
        0.00      186.20     3068.06     2214.08        0.00      370.53      719.95        0.00        0.00      817.76        0.00        0.00
  HESSIAN EIGENVECTORS:
    -0.37088     0.05380     0.21434     0.06351     0.05465    -0.11909    -0.61380     0.14742    -0.08483    -0.47815    -0.15087    -0.36789
    -0.48766     0.15633    -0.31709    -0.15663     0.12267    -0.07152     0.20868     0.27683     0.03392     0.02456     0.65563    -0.20178
    -0.33162     0.07818     0.48638     0.26935    -0.14439     0.22481     0.00465    -0.57572     0.00482     0.27939     0.27540    -0.13422
    -0.21884    -0.13387    -0.31225     0.41970     0.33236     0.51815     0.06920     0.16415    -0.09539     0.24815    -0.35426    -0.23171
     0.34125    -0.38903    -0.02917     0.09946     0.61548    -0.24717    -0.09750    -0.29613    -0.18798    -0.03509     0.31218    -0.22434
    -0.39337    -0.19475     0.27277    -0.48701     0.49057     0.13776     0.14727    -0.09621     0.12941    -0.10040    -0.20246     0.37062
     0.01836    -0.13656     0.07145    -0.10212    -0.15784    -0.03221     0.63341    -0.14962     0.06280    -0.39608    -0.21544    -0.55560
     0.06389    -0.39730     0.26199     0.16097    -0.02229    -0.06694    -0.05877     0.34644     0.75050     0.16931     0.09495    -0.11891
    -0.08191    -0.19886    -0.57258    -0.25148    -0.19549     0.15567    -0.31768    -0.49857     0.37644    -0.06631    -0.02209    -0.06425
    -0.03154     0.21662     0.02646    -0.38109     0.09215    -0.36685    -0.08881    -0.02956     0.00174     0.62608    -0.31719    -0.40216
     0.37202     0.63000     0.08427    -0.10379     0.33559     0.38563    -0.05241    -0.03309     0.34875    -0.15878     0.08998    -0.16346
    -0.21229     0.31543    -0.18657     0.46914     0.21550    -0.51824     0.16576    -0.23095     0.31610    -0.11267    -0.20728     0.22166
  CARTESIAN COORDINATES:
     1.46918     0.44628    -0.09314     6.29613    -0.53936    -1.43928     1.73573    -0.65723     1.92880     4.61805    -0.85824     0.35058
  INTERNAL COORDINATES:
     5.10716     2.31885     1.60015     2.47411     0.63199     0.00000
  FIRST DERIVATIVE INTERNAL COORDINATES:
     0.00000     0.00000     0.00000    -0.00000     0.00000     0.00000
  **************************************************
  PLANAR CONFIGURATION
  STRUCTURE NUMBER=           8  DRMAX=  0.200000000000000     
  *************************************************
 Cs   symmetry (finite group)    h=           2
  Symmetry number (point-group based)=          24
  **************************************************
  ENER=     -0.508312   NEG=    2   POS=    4
  INTERNUCLEAR DISTANCES:
     5.91565     2.46551     5.00980     4.94069     5.12611     2.54429
  HESSIAN EIGENVALUES:
     0.09052    -0.00000     0.00412     0.00000    -0.00000    -0.01378     0.00000    -0.00998     0.00104     0.07598     0.00000     0.00000
  FREQUENCIES 
     1546.59        0.00      329.76        0.00        0.00      603.43        0.00      513.58      165.80     1416.96        0.00        0.00
  HESSIAN EIGENVECTORS:
     0.71394     0.14419     0.21662    -0.15520    -0.13229     0.02946     0.46244    -0.26642    -0.09258    -0.27742    -0.08188    -0.05536
    -0.06816    -0.08636    -0.41169    -0.33503     0.39476    -0.00910     0.39221     0.02793    -0.33759     0.05057     0.52604    -0.04892
    -0.19391     0.30527     0.53541    -0.45041     0.18839     0.00155    -0.19219     0.06859    -0.22215     0.03874    -0.03735    -0.50029
    -0.09060     0.56025    -0.48276     0.21057    -0.09442     0.34041     0.17907     0.00891    -0.00006     0.09396    -0.26735    -0.40406
     0.10863     0.27135     0.16873     0.40925     0.66149    -0.17203     0.13376     0.39347    -0.00030    -0.16174    -0.13617     0.18450
    -0.12734     0.01431    -0.05528    -0.22837     0.42225     0.11961    -0.01051    -0.60174    -0.00020     0.20667    -0.46659     0.33638
    -0.57692     0.13409     0.05610    -0.13210    -0.19724    -0.29604     0.44007    -0.06190     0.18231    -0.49719    -0.09898     0.11960
    -0.02018     0.23390     0.21364    -0.06919     0.11830     0.44187     0.07200    -0.07440     0.66494     0.07458     0.45930     0.12576
     0.27108     0.23731    -0.34802    -0.41722     0.03740    -0.54823    -0.21664     0.13883     0.43752     0.09383    -0.07784    -0.02367
    -0.04641     0.12328     0.21004    -0.10857    -0.26437    -0.07383     0.41722     0.31940    -0.08967     0.68065    -0.11647     0.30069
    -0.02029     0.56447     0.02932     0.20479    -0.16759    -0.26074    -0.25860    -0.34700    -0.32705     0.03659     0.39095     0.30603
     0.05018     0.16736    -0.13212    -0.38313    -0.11883     0.42706    -0.24206     0.39431    -0.21517    -0.33924    -0.11928     0.46802
  CARTESIAN COORDINATES:
     0.97488     0.57375     0.37240     5.36445    -2.37469     3.02445     3.29910     0.47375    -0.44414     5.69649     0.37311    -1.29021
  INTERNAL COORDINATES:
     5.91565     2.46551     0.96278     2.54429     3.13985     3.14159
  FIRST DERIVATIVE INTERNAL COORDINATES:
     0.00000     0.00000     0.00000     0.00000    -0.00000    -0.00000
  **************************************************
  SPATIAL CONFIGURATION
  STRUCTURE NUMBER=           9  DRMAX=  0.200000000000000     
  *************************************************
 C1   symmetry (finite group)    h=           1
  Symmetry number (point-group based)=          48
  **************************************************
  ENER=     -0.488792   NEG=    3   POS=    3
  INTERNUCLEAR DISTANCES:
    15.18607    13.79671    16.26424     2.77074     2.40143     2.77070
  HESSIAN EIGENVALUES:
    -0.00000    -0.00000    -0.00000    -0.03967     0.13076     0.00000     0.06832    -0.00760    -0.00261     0.00101     0.00000     0.00000
  FREQUENCIES 
        0.00        0.00        0.00     1023.82     1858.85        0.00     1343.64      448.11      262.69      163.04        0.00        0.00
  HESSIAN EIGENVECTORS:
     0.29551     0.13958    -0.05756     0.02261     0.03103    -0.11501     0.00268     0.31318    -0.34636    -0.67655    -0.06873     0.44124
    -0.13444     0.68244    -0.57928    -0.01810    -0.01851    -0.18707     0.00411    -0.22673     0.07742     0.17234    -0.08616     0.22456
     0.02045     0.29074     0.54254    -0.00890     0.00653    -0.75875    -0.00442     0.01316    -0.10494     0.12050     0.03237    -0.13455
     0.32262    -0.03529     0.17888     0.26550     0.36453     0.00284    -0.30709    -0.49428     0.36751    -0.07375     0.24548     0.34628
    -0.09240     0.22411     0.01438    -0.23679     0.42220     0.17127     0.08227     0.32723    -0.11485     0.12911     0.73047     0.00879
    -0.46492     0.14369     0.28538     0.44523    -0.43582     0.20623    -0.23865     0.13722    -0.06816     0.08000     0.17552     0.36528
     0.25536    -0.23543    -0.06518     0.31620     0.01174    -0.10703     0.60436     0.04968    -0.17175     0.46278     0.02282     0.38940
    -0.06682    -0.31563    -0.43035     0.32583    -0.00927    -0.45084    -0.22771     0.41632     0.33811    -0.04786     0.21568    -0.11359
    -0.41426    -0.07013     0.15101    -0.25506     0.01001    -0.10401     0.49925    -0.00940     0.55465    -0.30765    -0.01162     0.27007
     0.27826    -0.14667     0.00675    -0.60431    -0.40730    -0.07557    -0.29995     0.13143     0.15061     0.28751     0.08049     0.38098
    -0.06873    -0.20668    -0.18480    -0.07094    -0.39442    -0.18307     0.14133    -0.51681    -0.30068    -0.25359     0.52067    -0.10683
    -0.49192    -0.36599    -0.08173    -0.18128     0.41927    -0.19861    -0.25618    -0.14098    -0.38155     0.10715    -0.19337     0.29889
  CARTESIAN COORDINATES:
    -6.88372     3.19876     1.04170     7.26786    -2.30132     1.35582     6.12147    -1.01638    -0.81483     8.77867    -1.05155    -0.03069
  INTERNAL COORDINATES:
    15.18607     2.77074     0.96462     2.40143     1.96691     0.53255
  FIRST DERIVATIVE INTERNAL COORDINATES:
     0.00004     0.00000     0.00002     0.00000     0.00004     0.00001
  **************************************************
  PLANAR CONFIGURATION
  STRUCTURE NUMBER=          10  DRMAX=  0.200000000000000     
  *************************************************
 C2v  symmetry (finite group)    h=           4
  Symmetry number (point-group based)=          12
  **************************************************
  ENER=     -0.533326   NEG=    2   POS=    4
  INTERNUCLEAR DISTANCES:
     6.74429     2.33077     4.60048     5.96388     6.74429     2.33077
  HESSIAN EIGENVALUES:
    -0.00000    -0.00000    -0.00000     0.00000     0.00000     0.00414     0.17979    -0.00212    -0.00282     0.06401    -0.00000     0.00377
  FREQUENCIES 
        0.00        0.00        0.00        0.00        0.00      330.70     2179.67      236.62      272.97     1300.52        0.00      315.51
  HESSIAN EIGENVECTORS:
     0.61167    -0.00889    -0.01235     0.00995    -0.08484     0.00751    -0.37288    -0.11263     0.19280    -0.64408    -0.11972    -0.01448
     0.26674    -0.03808    -0.51819    -0.02708     0.43187     0.14918     0.16903    -0.29771     0.19847     0.26626    -0.28446     0.37546
    -0.04725     0.54226    -0.41669     0.13877    -0.04083    -0.19864    -0.03675    -0.22733    -0.35530    -0.02984    -0.23553    -0.48381
     0.04039     0.17992    -0.05793     0.80692    -0.16134    -0.13748    -0.00159    -0.01422    -0.01582     0.00382     0.29264     0.42483
     0.15590     0.02777     0.39025     0.11533     0.73474    -0.48244     0.00055    -0.03757    -0.05460     0.01319     0.10513    -0.14534
    -0.01228     0.55555     0.36603     0.07959     0.23399     0.69878     0.00006    -0.02862     0.07914    -0.01914     0.00246    -0.01991
     0.51456    -0.00715     0.02715     0.03988    -0.13888     0.05947     0.76811     0.23923    -0.12358    -0.02620     0.08097    -0.20070
     0.07019    -0.05217    -0.36934    -0.03263     0.31066     0.20900    -0.26671     0.63304    -0.42789    -0.09066     0.21629     0.06874
     0.02309     0.46316    -0.14074    -0.17524    -0.05393    -0.30295    -0.03086     0.48333     0.62165     0.13145     0.03693     0.00937
     0.47725    -0.02900     0.07737    -0.02691    -0.19009     0.07049    -0.39365    -0.11239    -0.05340     0.66647     0.25496    -0.20965
    -0.13718    -0.07634    -0.31628    -0.05684     0.13597     0.12426     0.09712    -0.29776     0.28402    -0.18880     0.73105    -0.29886
     0.09789     0.37241     0.07130    -0.52138    -0.10333    -0.19719     0.06754    -0.22738    -0.34550    -0.08248     0.31374     0.49435
  CARTESIAN COORDINATES:
     1.85236     1.40618    -0.90192     2.99763    -2.89910     4.16152     3.96291     0.44158    -0.68368     6.19518    -0.10175    -1.07641
  INTERNAL COORDINATES:
     6.74429     2.33077     1.06071     2.33077     2.81752     3.14159
  FIRST DERIVATIVE INTERNAL COORDINATES:
    -0.00000     0.00000    -0.00000     0.00000     0.00000     0.00000
  **************************************************
  PLANAR CONFIGURATION
  STRUCTURE NUMBER=          11  DRMAX=  0.200000000000000     
  *************************************************
 Cs   symmetry (finite group)    h=           2
  Symmetry number (point-group based)=          24
  **************************************************
  ENER=     -0.506878   NEG=    3   POS=    3
  INTERNUCLEAR DISTANCES:
     6.06749     6.07511     8.04422     2.60334     2.29841     2.69556
  HESSIAN EIGENVALUES:
     0.06239     0.00000     0.00000     0.00000    -0.04343    -0.00138     0.01679    -0.00380    -0.00000     0.15169    -0.00000     0.00000
  FREQUENCIES 
     1284.01        0.00        0.00        0.00     1071.29      191.02      666.13      317.01        0.00     2002.11        0.00        0.00
  HESSIAN EIGENVECTORS:
     0.09466     0.32919     0.02189     0.22815    -0.05091    -0.07392    -0.81736    -0.04163     0.13241     0.01328    -0.21785     0.29516
    -0.02100     0.88410     0.08827    -0.09627     0.01875    -0.18610     0.23028    -0.20128    -0.08354    -0.00159     0.19784    -0.16193
    -0.02167    -0.04559     0.67505     0.50559     0.00192    -0.14243     0.12319     0.28454     0.17018    -0.00481     0.34691     0.14277
    -0.21109     0.02437    -0.02068     0.13970     0.01917     0.17189     0.25703    -0.39657     0.08534    -0.61621    -0.13559     0.52561
     0.23958     0.12186    -0.02026    -0.32386     0.37087     0.43301    -0.08419     0.33884    -0.20575    -0.03330     0.39978     0.41503
    -0.20341    -0.01597     0.43860    -0.23000    -0.49431     0.33148    -0.02338    -0.23699    -0.34948     0.36310    -0.09627     0.19727
     0.31631     0.22616    -0.07119    -0.05257    -0.41880     0.11011     0.32134     0.50906     0.28352    -0.00907    -0.42743     0.16700
    -0.51896     0.06130    -0.00524    -0.28747    -0.06817     0.27710    -0.13361     0.07652     0.68842     0.02256     0.21929    -0.12889
     0.51373    -0.05774     0.44896    -0.20635     0.30626     0.21210     0.00782    -0.36405     0.33195    -0.02476    -0.23895    -0.22209
    -0.19988     0.02283    -0.06251     0.00661     0.45054    -0.20809     0.23899    -0.07085     0.17343     0.61199    -0.26071     0.41781
     0.30038    -0.18086    -0.05086    -0.38543    -0.32144    -0.52401    -0.01248    -0.21407     0.22369     0.01233     0.37605     0.33229
    -0.28865    -0.02754     0.36011    -0.47872     0.18614    -0.40115    -0.10763     0.31650    -0.17367    -0.33353    -0.32911    -0.00513
  CARTESIAN COORDINATES:
    -0.95228     0.98007     1.15967     4.68169    -1.27214     1.17907     4.72392     0.29970    -0.89576     6.70478    -1.24075     0.08876
  INTERNAL COORDINATES:
     6.06749     2.60334     1.35758     2.29841     2.51621     0.00000
  FIRST DERIVATIVE INTERNAL COORDINATES:
    -0.00000     0.00000     0.00000    -0.00000    -0.00000     0.00000
  **************************************************
  PLANAR CONFIGURATION
  STRUCTURE NUMBER=          12  DRMAX=  0.200000000000000     
  *************************************************
 Cs   symmetry (finite group)    h=           2
  Symmetry number (point-group based)=          24
  **************************************************
  ENER=     -0.459599   NEG=    4   POS=    2
  INTERNUCLEAR DISTANCES:
     5.16996     4.96594     7.20125     3.06987     3.32890     2.47640
  HESSIAN EIGENVALUES:
    -0.00000    -0.00064    -0.00000    -0.02633    -0.01255    -0.00000     0.03501     0.00000    -0.00699     0.11588     0.00000    -0.00000
  FREQUENCIES 
        0.00      129.78        0.00      834.11      575.91        0.00      961.83        0.00      429.76     1749.91        0.00        0.00
  HESSIAN EIGENVECTORS:
    -0.27886     0.09503     0.05156    -0.07476    -0.74590    -0.33770    -0.14322     0.01172     0.06839    -0.29156    -0.35208    -0.01611
     0.13134     0.22886     0.03524     0.02580     0.24810    -0.85563     0.08131     0.10225     0.25883     0.08896     0.19647     0.06507
     0.12185     0.18180     0.85906     0.00662     0.07764    -0.04655    -0.02749    -0.19306    -0.36159     0.04045    -0.13587    -0.13043
    -0.32838    -0.08306     0.20574     0.41706     0.35192     0.09497    -0.22332     0.27764     0.47319    -0.09501    -0.37841    -0.18175
    -0.06474    -0.19996     0.10454    -0.26162     0.05337    -0.05958    -0.33446     0.73867    -0.34544    -0.17485     0.25016     0.00911
    -0.18161    -0.15885     0.33370     0.11131    -0.25118     0.11332     0.53783     0.30499     0.18746     0.26980     0.13186     0.48426
    -0.15129    -0.20553    -0.18394     0.05251     0.30597    -0.21111     0.48805     0.02211    -0.45406    -0.31404    -0.45070     0.11612
     0.56052    -0.49492    -0.05241     0.38264    -0.24356    -0.16058    -0.08020     0.13344    -0.09631     0.30933    -0.22692    -0.16097
     0.30527    -0.39314     0.17059    -0.50917     0.14667     0.00181    -0.15420    -0.17625     0.35861    -0.22524    -0.23219     0.39281
    -0.16463     0.19355    -0.13239    -0.39481     0.08800    -0.01761    -0.12151     0.13686    -0.08752     0.70061    -0.46811     0.05325
     0.50300     0.46602    -0.02810    -0.14681    -0.05791     0.22410     0.33335     0.40845     0.18291    -0.22344    -0.23013    -0.19899
     0.18642     0.37018    -0.09752     0.39125     0.02688     0.07341    -0.35613     0.03850    -0.18449    -0.08501    -0.12328     0.68901
  CARTESIAN COORDINATES:
    -0.24310     1.01540     0.80078     4.14023    -1.55719     1.74773     4.43047     0.26885    -0.70287     6.60110    -0.88133    -0.38976
  INTERNAL COORDINATES:
     5.16996     3.06987     1.20034     2.47640     1.27204     3.14159
  FIRST DERIVATIVE INTERNAL COORDINATES:
     0.00000     0.00000     0.00000     0.00000     0.00000    -0.00000
  **************************************************
  PLANAR CONFIGURATION
  STRUCTURE NUMBER=          13  DRMAX=  0.200000000000000     
  *************************************************
 Cs   symmetry (finite group)    h=           2
  Symmetry number (point-group based)=          24
  **************************************************
  ENER=     -0.516335   NEG=    2   POS=    4
  INTERNUCLEAR DISTANCES:
     6.03364     6.05878     8.25826     2.34108     2.95901     2.33851
  HESSIAN EIGENVALUES:
     0.01259     0.00000     0.00000    -0.00334    -0.00000     0.38943     0.08620     0.00000    -0.00135     0.02430     0.00000    -0.00000
  FREQUENCIES 
      576.69        0.00        0.00      297.14        0.00     3207.88     1509.23        0.00      188.92      801.34        0.00        0.00
  HESSIAN EIGENVECTORS:
     0.81977     0.30025     0.08989    -0.01873    -0.30376     0.01299    -0.04506     0.11183    -0.07986     0.02700    -0.33127     0.07467
    -0.23437     0.73926    -0.34438     0.21520    -0.25784    -0.00455     0.01600    -0.11793    -0.19454     0.00501     0.15839    -0.30005
    -0.13629     0.32236     0.82163    -0.27657    -0.07038    -0.00105     0.00334    -0.10524    -0.14592    -0.02146     0.27858     0.10264
    -0.23596     0.12842     0.24457     0.48834     0.05517    -0.17935    -0.06061     0.31529     0.08344    -0.54974    -0.40984     0.11878
     0.04781     0.34619    -0.09064    -0.38371     0.58451    -0.23826    -0.32187     0.38067     0.20348     0.08212    -0.02312    -0.16377
     0.06541     0.24480    -0.04289     0.24412     0.29011     0.41558     0.46201     0.29606     0.15262     0.19139     0.22656     0.45291
    -0.26258     0.03297    -0.04713    -0.35832    -0.37564    -0.37109     0.52612     0.27217     0.20319     0.21509    -0.28094     0.05647
     0.08575    -0.06966     0.08892    -0.10487    -0.23532     0.40605     0.08866     0.25283     0.49463    -0.32962     0.21972    -0.52466
     0.02941    -0.05862     0.04977     0.33600    -0.33605    -0.33795    -0.40601     0.20119     0.37116     0.32149     0.41219     0.19194
    -0.32124    -0.03171     0.01778    -0.11129    -0.22937     0.53745    -0.42044     0.35153    -0.20677     0.30764    -0.31357     0.07461
     0.10081    -0.21412     0.18375     0.27337     0.10456    -0.16324     0.21721     0.44768    -0.50358     0.24249     0.14531    -0.46563
     0.04147    -0.08321    -0.28580    -0.30356    -0.18572    -0.07658    -0.05934     0.35788    -0.37786    -0.49142     0.38881     0.33186
  CARTESIAN COORDINATES:
    -1.00682     1.12785     1.08819     4.49716    -1.33014     1.35149     4.71684     0.01059    -0.55505     6.83892    -0.96257    -0.41960
  INTERNAL COORDINATES:
     6.03364     2.34108     1.38651     2.33851     1.36909     3.14159
  FIRST DERIVATIVE INTERNAL COORDINATES:
     0.00000    -0.00000     0.00000     0.00000    -0.00000    -0.00000
  **************************************************
  PLANAR CONFIGURATION
  STRUCTURE NUMBER=          14  DRMAX=  0.200000000000000     
  *************************************************
 C2v  symmetry (finite group)    h=           4
  Symmetry number (point-group based)=          12
  **************************************************
  ENER=     -0.430683   NEG=    3   POS=    3
  INTERNUCLEAR DISTANCES:
     4.87899     4.87899     7.45853     2.53174     3.02428     3.02428
  HESSIAN EIGENVALUES:
     0.00000    -0.00000     0.00000    -0.04950     0.00000     0.11251    -0.02508    -0.00000    -0.00777     0.04549     0.00027    -0.00000
  FREQUENCIES 
